3.996609497070312500e+01
4.078868865966796875e+01
1.094804992675781250e+02
3.929301500320434570e+00
1.248791027069091797e+01
1.158009872436523438e+02
3.876870346069335938e+01
4.022226333618164062e+01
7.218634033203125000e+01
1.186001052856445312e+02
7.718096923828125000e+01
1.857761001586914062e+01
7.246457672119140625e+01
2.429238128662109375e+01
3.102165412902832031e+01
8.291125488281250000e+01
9.085877227783203125e+01
2.406047248840332031e+01
5.543589401245117188e+01
2.693998718261718750e+01
5.618576049804687500e+01
1.107700500488281250e+02
5.536739349365234375e+01
2.487500572204589844e+01
1.167253780364990234e+01
2.622956466674804688e+01
4.144383621215820312e+01
1.141325073242187500e+02
3.553475379943847656e+00
8.517938613891601562e+00
1.854854774475097656e+01
7.161700439453125000e+01
1.616406250000000000e+01
7.504959869384765625e+01
9.319539070129394531e+00
5.734607696533203125e+01
8.375346374511718750e+01
1.019693222045898438e+02
9.455400848388671875e+01
5.328278350830078125e+01
2.091094255447387695e+00
8.981626892089843750e+01
1.360024547576904297e+01
9.598295593261718750e+01
4.724114227294921875e+01
7.800778865814208984e+00
9.897377014160156250e+01
6.689015197753906250e+01
7.090910339355468750e+01
6.064241886138916016e+00
2.478552103042602539e+00
1.400888824462890625e+01
2.922009468078613281e+00
1.687475776672363281e+01
7.416170501708984375e+01
2.933910131454467773e+00
3.456024551391601562e+01
3.764006042480468750e+01
2.605526924133300781e+01
1.256076145172119141e+01
1.021405563354492188e+02
9.996802520751953125e+01
1.985791015625000000e+01
2.483376312255859375e+01
2.383314132690429688e+01
7.049096679687500000e+01
4.549598693847656250e+00
3.895122909545898438e+01
2.243661880493164062e+00
8.759720611572265625e+01
2.898550987243652344e+00
5.846937179565429688e+01
1.040564632415771484e+01
2.423791408538818359e+00
9.431654357910156250e+01
3.357153320312500000e+01
9.831281280517578125e+01
2.586313056945800781e+01
1.655355834960937500e+01
7.597429656982421875e+01
9.466078186035156250e+01
1.022229690551757812e+02
1.067287750244140625e+02
2.532228946685791016e+00
1.155094528198242188e+02
8.734167480468750000e+01
7.221041870117187500e+01
6.664039611816406250e+01
3.338730573654174805e+00
2.168478727340698242e+00
