4.808355407714843750e+02
4.967570495605468750e+02
1.182409545898437500e+03
1.566782226562500000e+02
2.423180847167968750e+02
1.190233154296875000e+03
3.673081054687500000e+02
1.446681518554687500e+03
8.660188598632812500e+02
1.181271850585937500e+03
7.667646484375000000e+02
3.235340576171875000e+02
7.690191040039062500e+02
3.379868469238281250e+02
3.019592895507812500e+02
9.815331420898437500e+02
1.003464599609375000e+03
3.372713928222656250e+02
5.736890258789062500e+02
3.827807617187500000e+02
6.175631103515625000e+02
9.531984863281250000e+02
5.529905395507812500e+02
3.450988464355468750e+02
2.511521606445312500e+02
3.761590270996093750e+02
5.299841918945312500e+02
1.003844970703125000e+03
5.702034301757812500e+02
2.333100433349609375e+02
2.922499694824218750e+02
1.672489868164062500e+03
9.034821166992187500e+02
8.050842895507812500e+02
7.670330810546875000e+02
1.539810913085937500e+03
2.517625000000000000e+03
2.014331298828125000e+03
8.057843017578125000e+02
1.423063720703125000e+03
8.275350189208984375e+01
2.141112304687500000e+03
1.117305526733398438e+02
9.782767944335937500e+02
1.452917724609375000e+03
2.129672241210937500e+02
1.196850952148437500e+03
2.017534667968750000e+03
7.576109008789062500e+02
1.411454162597656250e+02
1.444186859130859375e+02
1.047766265869140625e+02
1.137732391357421875e+02
2.691687316894531250e+02
1.697809448242187500e+03
1.079003662109375000e+03
4.385297241210937500e+02
1.345499389648437500e+03
2.567207031250000000e+02
2.258317871093750000e+02
2.001706298828125000e+03
1.105829711914062500e+03
1.896343841552734375e+02
1.175999755859375000e+03
1.401644531250000000e+03
7.586700439453125000e+02
6.869868774414062500e+02
1.475305175781250000e+03
1.718032989501953125e+02
1.982621826171875000e+03
6.219160842895507812e+01
1.424889404296875000e+03
7.546838378906250000e+02
5.868101806640625000e+02
2.084097412109375000e+03
1.475643310546875000e+03
9.989964599609375000e+02
1.047586669921875000e+03
9.237459106445312500e+02
1.720549438476562500e+03
1.955608398437500000e+03
1.970100952148437500e+03
2.581875976562500000e+03
7.946990966796875000e+01
1.083457519531250000e+03
1.000308715820312500e+03
1.699718261718750000e+03
6.352127685546875000e+02
1.037153244018554688e+02
1.699148254394531250e+02
